天然气采暖锅炉采暖水泵模型
神经网络参数
delta=[[-0.5328089  -1.2366427  -1.297762    0.11154567  1.0804371  -1.8022784
   0.165709    0.17348601 -0.59438175 -0.48255616  0.07742088 -1.7483305
   0.7833677   0.07908375 -0.969282    0.7797575  -0.16941097 -1.9034374
   1.0731351  -0.22435881]]

b=[[0.5020044 0.5747878]]

c=[[ 1.4618548   0.63095933]
 [-1.0749986  -0.42743176]
 [ 1.3097056  -0.0219352 ]
 [ 1.0823216   0.94322604]
 [-0.71991885  0.8696653 ]
 [ 0.1649907  -0.41140053]
 [ 0.5362901   1.024659  ]
 [ 1.2240515   0.6589109 ]
 [-2.187945    0.88472456]
 [ 2.1163807  -1.3488905 ]
 [ 1.0681      1.3572489 ]
 [-0.7048646  -0.86057264]
 [-0.45549574  0.36327067]
 [ 0.9737527   2.132477  ]
 [ 0.8135858  -0.30827218]
 [-0.45475715  0.3843699 ]
 [-0.641454    0.10474999]
 [-0.2559518   0.45472988]
 [ 1.4324588  -0.7353984 ]
 [-0.12011362  0.04988895]]

W=[[ 2.0456028   1.7260876 ]
 [-1.2826984  -1.7539995 ]
 [ 0.40221265  0.52429867]
 [ 0.5043484   1.97858   ]
 [-1.0239427  -0.61506027]
 [-0.8677284   0.48503226]
 [-2.8378246  -0.99085367]
 [ 3.4418359   0.8356082 ]
 [-0.39291957  0.14499298]
 [ 0.10581542  0.28199401]
 [-1.6445217  -1.205423  ]
 [ 2.0478964   0.19570275]
 [-1.8883222  -2.1126301 ]
 [-0.39266342 -0.43412325]
 [ 0.7310168  -1.4806992 ]
 [-1.8522311  -2.1425495 ]
 [ 0.36772844 -0.75509965]
 [-0.7938093   0.8059462 ]
 [ 0.8980453  -1.056659  ]
 [-1.3156711  -0.88011956]]