1	0.6	1	0.784894129
1	0.606666667	0.998847262	0.789147271
1	0.613333333	0.997694524	0.793400413
1	0.62	0.996541787	0.797653555
1	0.626666667	0.995389049	0.801777813
1	0.633333333	0.994236311	0.805902072
1	0.64	0.993083573	0.810155214
1	0.646666667	0.991642651	0.814279473
1	0.653333333	0.990489914	0.818274848
1	0.66	0.989048991	0.822399107
1	0.666666667	0.987608069	0.826523366
1	0.673333333	0.986167147	0.830518742
1	0.68	0.984726225	0.834514117
1	0.686666667	0.982997118	0.838509493
1	0.693333333	0.981556196	0.842504869
1	0.7	0.979827089	0.846371361
1	0.706666667	0.978097983	0.850366737
1	0.713333333	0.976368876	0.854233229
1	0.72	0.974639769	0.858099722
1	0.726666667	0.972910663	0.861966215
1	0.733333333	0.971181556	0.865703824
1	0.74	0.969164265	0.869570317
1	0.746666667	0.967146974	0.873307926
1	0.753333333	0.965129683	0.877045536
1	0.76	0.963112392	0.880783145
1	0.766666667	0.961095101	0.884520755
1	0.773333333	0.95907781	0.888258364
1	0.78	0.956772334	0.891867091
1	0.786666667	0.954755043	0.8956047
1	0.793333333	0.952449568	0.899213427
1	0.8	0.950144092	0.902822153
1	0.806666667	0.947838617	0.906301996
1	0.813333333	0.945533141	0.909910723
1	0.82	0.942939481	0.913390566
1	0.826666667	0.940634006	0.916870409
1	0.833333333	0.938040346	0.920350253
1	0.84	0.935446686	0.923830096
1	0.846666667	0.932853026	0.927309939
1	0.853333333	0.930259366	0.9306609
1	0.86	0.927665706	0.934140743
1	0.866666667	0.925072046	0.937491703
1	0.873333333	0.922190202	0.940842663
1	0.88	0.919308357	0.944193624
1	0.886666667	0.916426513	0.947415701
1	0.893333333	0.913544669	0.950766661
1	0.9	0.910662824	0.953988738
1	0.906666667	0.90778098	0.957210815
1	0.913333333	0.904610951	0.960432893
1	0.92	0.901729107	0.96365497
1	0.926666667	0.898559078	0.966748164
1	0.933333333	0.895389049	0.969970241
1	0.94	0.89221902	0.973063435
1	0.946666667	0.889048991	0.976156629
1	0.953333333	0.885590778	0.979249823
1	0.96	0.882420749	0.982214134
1	0.966666667	0.878962536	0.985307328
1	0.973333333	0.875504323	0.988271639
1	0.98	0.87204611	0.99123595
1	0.986666667	0.868587896	0.994200261
1	0.993333333	0.865129683	0.997164572
1	1	0.86167147	1
0.888888889	0.533333333	0.807204611	0.567210596
0.888888889	0.54	0.806628242	0.570819323
0.888888889	0.546666667	0.805763689	0.574428049
0.888888889	0.553333333	0.80518732	0.578036775
0.888888889	0.56	0.804322767	0.581516619
0.888888889	0.566666667	0.803458213	0.585125345
0.888888889	0.573333333	0.80259366	0.588605189
0.888888889	0.58	0.801440922	0.592085032
0.888888889	0.586666667	0.800576369	0.595564875
0.888888889	0.593333333	0.799423631	0.599044719
0.888888889	0.6	0.798270893	0.602524562
0.888888889	0.606666667	0.797118156	0.606004405
0.888888889	0.613333333	0.795965418	0.609355365
0.888888889	0.62	0.794524496	0.612706326
0.888888889	0.626666667	0.793083573	0.616057286
0.888888889	0.633333333	0.791642651	0.619408246
0.888888889	0.64	0.790201729	0.622759206
0.888888889	0.646666667	0.788760807	0.625981284
0.888888889	0.653333333	0.7870317	0.629203361
0.888888889	0.66	0.785590778	0.632554321
0.888888889	0.666666667	0.783861671	0.635776398
0.888888889	0.673333333	0.782132565	0.638998475
0.888888889	0.68	0.780115274	0.642091669
0.888888889	0.686666667	0.778386167	0.645313747
0.888888889	0.693333333	0.776368876	0.648406941
0.888888889	0.7	0.774351585	0.651500135
0.888888889	0.706666667	0.772334294	0.654593329
0.888888889	0.713333333	0.770317003	0.657686523
0.888888889	0.72	0.768299712	0.660779717
0.888888889	0.726666667	0.765994236	0.663744028
0.888888889	0.733333333	0.763688761	0.666837222
0.888888889	0.74	0.761383285	0.669801533
0.888888889	0.746666667	0.75907781	0.672765844
0.888888889	0.753333333	0.75648415	0.675730155
0.888888889	0.76	0.754178674	0.678694466
0.888888889	0.766666667	0.751585014	0.681529894
0.888888889	0.773333333	0.748991354	0.684365322
0.888888889	0.78	0.746397695	0.687329633
0.888888889	0.786666667	0.74351585	0.690165061
0.888888889	0.793333333	0.74092219	0.693000488
0.888888889	0.8	0.738040346	0.695707033
0.888888889	0.806666667	0.735158501	0.698542461
0.888888889	0.813333333	0.732276657	0.701249006
0.888888889	0.82	0.729106628	0.703955551
0.888888889	0.826666667	0.726224784	0.706662096
0.888888889	0.833333333	0.723054755	0.70936864
0.888888889	0.84	0.719884726	0.712075185
0.888888889	0.846666667	0.716714697	0.71478173
0.888888889	0.853333333	0.713256484	0.717359392
0.888888889	0.86	0.710086455	0.719937054
0.888888889	0.866666667	0.706628242	0.722514715
0.888888889	0.873333333	0.703170029	0.725092377
0.888888889	0.88	0.699711816	0.727670039
0.777777778	0.466666667	0.636599424	0.398502636
0.777777778	0.473333333	0.636023055	0.401466947
0.777777778	0.48	0.635158501	0.404431258
0.777777778	0.486666667	0.634293948	0.407395569
0.777777778	0.493333333	0.633429395	0.41035988
0.777777778	0.5	0.632564841	0.413195308
0.777777778	0.506666667	0.631700288	0.416030736
0.777777778	0.513333333	0.63054755	0.418866164
0.777777778	0.52	0.629394813	0.421701592
0.777777778	0.526666667	0.628242075	0.42453702
0.777777778	0.533333333	0.627089337	0.427372448
0.777777778	0.54	0.625936599	0.430078992
0.777777778	0.546666667	0.624783862	0.432785537
0.777777778	0.553333333	0.623342939	0.435492082
0.777777778	0.56	0.621902017	0.438198627
0.777777778	0.566666667	0.620461095	0.440905172
0.777777778	0.573333333	0.619020173	0.443611717
0.777777778	0.58	0.617579251	0.446189378
0.777777778	0.586666667	0.615850144	0.44876704
0.777777778	0.593333333	0.614121037	0.451344702
0.777777778	0.6	0.612391931	0.453922363
0.777777778	0.606666667	0.610662824	0.456500025
0.777777778	0.613333333	0.608933718	0.458948804
0.777777778	0.62	0.607204611	0.461397582
0.777777778	0.626666667	0.60518732	0.463975244
0.777777778	0.633333333	0.603170029	0.466424023
0.777777778	0.64	0.601152738	0.468743918
0.777777778	0.646666667	0.599135447	0.471192697
0.777777778	0.653333333	0.597118156	0.473512593
0.777777778	0.66	0.59481268	0.475961371
0.777777778	0.666666667	0.592507205	0.478281267
0.777777778	0.673333333	0.590201729	0.480601162
0.777777778	0.68	0.587896254	0.482792175
0.777777778	0.686666667	0.585590778	0.48511207
0.777777778	0.693333333	0.583285303	0.487303083
0.777777778	0.7	0.580691643	0.489622978
0.777777778	0.706666667	0.578097983	0.491813991
0.777777778	0.713333333	0.575504323	0.49387612
0.777777778	0.72	0.572910663	0.496067133
0.777777778	0.726666667	0.570317003	0.498258145
0.777777778	0.733333333	0.567435159	0.500320274
0.777777778	0.74	0.564553314	0.502382404
0.777777778	0.746666667	0.56167147	0.504444533
0.777777778	0.753333333	0.558789625	0.506506663
0.777777778	0.76	0.555907781	0.508439909
0.777777778	0.766666667	0.552737752	0.510502038
0.777777778	0.773333333	0.549855908	0.512435285
0.777777778	0.78	0.546685879	0.514368531
0.666666667	0.4	0.486743516	0.271552796
0.666666667	0.406666667	0.486167147	0.273228276
0.666666667	0.413333333	0.485590778	0.274774873
0.666666667	0.42	0.485014409	0.276450354
0.666666667	0.426666667	0.48443804	0.278254717
0.666666667	0.433333333	0.483861671	0.279930197
0.666666667	0.44	0.482997118	0.281605677
0.666666667	0.446666667	0.482132565	0.28341004
0.666666667	0.453333333	0.481268012	0.285214403
0.666666667	0.46	0.480403458	0.287018767
0.666666667	0.466666667	0.479538905	0.28882313
0.666666667	0.473333333	0.478386167	0.290627493
0.666666667	0.48	0.477521614	0.292431856
0.666666667	0.486666667	0.476368876	0.294365103
0.666666667	0.493333333	0.475216138	0.296298349
0.666666667	0.5	0.474063401	0.298102712
0.666666667	0.506666667	0.472622478	0.300035958
0.666666667	0.513333333	0.471469741	0.302098088
0.666666667	0.52	0.470028818	0.304031334
0.666666667	0.526666667	0.468587896	0.30596458
0.666666667	0.533333333	0.467146974	0.30802671
0.666666667	0.54	0.465417867	0.310088839
0.666666667	0.546666667	0.463976945	0.312022085
0.666666667	0.553333333	0.462247839	0.314084215
0.666666667	0.56	0.460518732	0.316275227
0.666666667	0.566666667	0.458789625	0.318337357
0.666666667	0.573333333	0.457060519	0.320399486
0.666666667	0.58	0.455331412	0.322590498
0.666666667	0.586666667	0.453314121	0.324781511
0.666666667	0.593333333	0.45129683	0.326972523
0.666666667	0.6	0.449279539	0.329163536
0.666666667	0.606666667	0.447262248	0.331354548
0.666666667	0.613333333	0.445244957	0.333545561
0.666666667	0.62	0.442939481	0.335865456
0.666666667	0.626666667	0.44092219	0.338185352
0.666666667	0.633333333	0.438616715	0.340376364
0.666666667	0.64	0.436311239	0.34269626
0.666666667	0.646666667	0.434005764	0.345145039
0.666666667	0.653333333	0.431412104	0.347464934
0.666666667	0.66	0.429106628	0.34978483
0.666666667	0.666666667	0.426512968	0.352233608
0.555555556	0.333333333	0.354466859	0.16689973
0.555555556	0.34	0.354178674	0.168188561
0.555555556	0.346666667	0.353602305	0.169477392
0.555555556	0.353333333	0.353025937	0.170766223
0.555555556	0.36	0.352449568	0.172055054
0.555555556	0.366666667	0.351873199	0.173343885
0.555555556	0.373333333	0.351008646	0.174632715
0.555555556	0.38	0.350432277	0.175921546
0.555555556	0.386666667	0.349567723	0.177210377
0.555555556	0.393333333	0.34870317	0.178499208
0.555555556	0.4	0.347550432	0.179788039
0.555555556	0.406666667	0.346685879	0.18107687
0.555555556	0.413333333	0.345533141	0.182365701
0.555555556	0.42	0.344380403	0.183654531
0.555555556	0.426666667	0.343227666	0.184943362
0.555555556	0.433333333	0.342074928	0.186232193
0.555555556	0.44	0.340634006	0.187521024
0.555555556	0.446666667	0.339481268	0.188809855
0.555555556	0.453333333	0.338040346	0.190098686
0.555555556	0.46	0.336599424	0.191387517
0.555555556	0.466666667	0.334870317	0.192676348
0.555555556	0.473333333	0.333429395	0.193965178
0.555555556	0.48	0.331700288	0.195254009
0.555555556	0.486666667	0.329971182	0.19654284
0.555555556	0.493333333	0.328242075	0.197831671
0.555555556	0.5	0.326512968	0.199120502
0.555555556	0.506666667	0.324495677	0.200409333
0.555555556	0.513333333	0.322766571	0.201698164
0.555555556	0.52	0.32074928	0.202986994
0.555555556	0.526666667	0.318731988	0.204275825
0.555555556	0.533333333	0.316426513	0.205564656
0.555555556	0.54	0.314409222	0.206853487
0.555555556	0.546666667	0.312103746	0.208142318
0.555555556	0.553333333	0.309798271	0.209431149
0.555555556	0.56	0.307492795	0.21071998
0.555555556	0.566666667	0.30518732	0.21200881
0.555555556	0.573333333	0.30259366	0.213297641
0.444444444	0.266666667	0.245533141	0.101684889
0.444444444	0.273333333	0.244956772	0.101684889
0.444444444	0.28	0.244380403	0.101684889
0.444444444	0.286666667	0.24351585	0.101813772
0.444444444	0.293333333	0.242939481	0.101942655
0.444444444	0.3	0.242074928	0.102200421
0.444444444	0.306666667	0.241210375	0.102458187
0.444444444	0.313333333	0.240345821	0.102844836
0.444444444	0.32	0.239481268	0.103231486
0.444444444	0.326666667	0.23832853	0.103747018
0.444444444	0.333333333	0.237463977	0.10426255
0.444444444	0.34	0.236311239	0.104906966
0.444444444	0.346666667	0.235446686	0.105551381
0.444444444	0.353333333	0.234293948	0.10632468
0.444444444	0.36	0.23314121	0.107097978
0.444444444	0.366666667	0.231700288	0.10800016
0.444444444	0.373333333	0.23054755	0.108902341
0.444444444	0.38	0.229106628	0.109933406
0.444444444	0.386666667	0.22795389	0.110964471
0.444444444	0.393333333	0.226512968	0.112124419
0.444444444	0.4	0.225072046	0.113284366
0.444444444	0.406666667	0.223631124	0.114573197
0.444444444	0.413333333	0.222190202	0.115862028
0.444444444	0.42	0.220461095	0.117279742
0.444444444	0.426666667	0.219020173	0.118697456
0.444444444	0.433333333	0.217291066	0.120244053
0.444444444	0.44	0.21556196	0.12179065
0.444444444	0.446666667	0.213832853	0.12346613
0.444444444	0.453333333	0.212103746	0.12514161
0.444444444	0.46	0.210086455	0.126945973
0.444444444	0.466666667	0.208357349	0.128750337
0.333333333	0.2	0.153025937	0.049358356
0.333333333	0.206666667	0.152737752	0.049873888
0.333333333	0.213333333	0.152161383	0.050518303
0.333333333	0.22	0.151873199	0.051162719
0.333333333	0.226666667	0.15129683	0.051807134
0.333333333	0.233333333	0.150720461	0.052322667
0.333333333	0.24	0.149855908	0.052967082
0.333333333	0.246666667	0.149279539	0.053611497
0.333333333	0.253333333	0.148414986	0.05412703
0.333333333	0.26	0.147838617	0.054771445
0.333333333	0.266666667	0.146974063	0.055415861
0.333333333	0.273333333	0.145821326	0.055931393
0.333333333	0.28	0.144956772	0.056575808
0.333333333	0.286666667	0.143804035	0.057091341
0.333333333	0.293333333	0.142939481	0.057735756
0.333333333	0.3	0.141786744	0.058251289
0.333333333	0.306666667	0.140634006	0.058895704
0.333333333	0.313333333	0.139193084	0.059411236
0.333333333	0.32	0.138040346	0.059926769
0.333333333	0.326666667	0.136599424	0.060571184
0.333333333	0.333333333	0.135158501	0.061086716
0.333333333	0.34	0.133717579	0.061602249
0.333333333	0.346666667	0.132276657	0.062246664
0.333333333	0.353333333	0.13054755	0.062762197
0.222222222	0.133333333	0.081268012	0.020488544
0.222222222	0.14	0.081556196	0.020875193
0.222222222	0.146666667	0.081556196	0.021261843
0.222222222	0.153333333	0.081556196	0.021519609
0.222222222	0.16	0.081268012	0.021906258
0.222222222	0.166666667	0.080979827	0.022292907
0.222222222	0.173333333	0.080691643	0.022550674
0.222222222	0.18	0.080403458	0.022937323
0.222222222	0.186666667	0.079827089	0.023195089
0.222222222	0.193333333	0.07925072	0.023581738
0.222222222	0.2	0.078386167	0.023839504
0.222222222	0.206666667	0.077809798	0.024226154
0.222222222	0.213333333	0.076945245	0.024612803
0.222222222	0.22	0.076080692	0.024870569
0.222222222	0.226666667	0.074927954	0.025257218
0.222222222	0.233333333	0.073775216	0.025514985
0.222222222	0.24	0.072622478	0.025901634
0.222222222	0.246666667	0.071469741	0.0261594
0.111111111	0.066666667	0.032276657	0.005538106
0.111111111	0.073333333	0.031700288	0.005795872
0.111111111	0.08	0.030835735	0.005924755
0.111111111	0.086666667	0.030259366	0.006053639
0.111111111	0.093333333	0.029971182	0.006182522
0.111111111	0.1	0.029394813	0.006311405
0.111111111	0.106666667	0.029394813	0.006569171
0.111111111	0.113333333	0.029106628	0.006698054
0.111111111	0.12	0.029106628	0.006826937
0.111111111	0.126666667	0.029394813	0.00695582
0.111111111	0.133333333	0.029394813	0.00695582
0	0	0.003458213	0
0	0.006666667	0.002305476	3.99538E-05
0	0.013333333	0.001440922	7.86187E-05
0	0.02	0.000864553	0.000117284
0	0.026666667	0.000288184	0.000153371
0	0.033333333	0	0.000189458
0	0.04	0	0.000224257
0	0.046666667	0.000288184	0.000257766
1	0.866666667	0.925648415	0.940069365
0.977777778	0.866666667	0.88184438	0.896249116
0.955555556	0.866666667	0.838040346	0.852428866
0.933333333	0.866666667	0.794236311	0.808608617
0.911111111	0.866666667	0.750432277	0.764788368
0.888888889	0.866666667	0.706628242	0.720968118
0.866666667	0.866666667	0.662824207	0.677147869
0.844444444	0.866666667	0.619020173	0.63332762
1	0.8	0.951585014	0.901533322
0.977777778	0.8	0.908069164	0.858228605
0.955555556	0.8	0.865129683	0.815954953
0.933333333	0.8	0.822478386	0.774712365
0.911111111	0.8	0.780115274	0.734500842
0.888888889	0.8	0.73832853	0.695320384
0.866666667	0.8	0.697118156	0.65717099
0.844444444	0.8	0.65648415	0.620052662
0.822222222	0.8	0.616138329	0.583965397
0.8	0.8	0.576080692	0.548909198
0.777777778	0.8	0.536599424	0.514884063
0.755555556	0.8	0.497694524	0.481889993
0.733333333	0.8	0.459365994	0.449926988
0.711111111	0.8	0.421325648	0.418995047
1	0.733333333	0.968876081	0.862739513
0.977777778	0.733333333	0.926224784	0.822012458
0.955555556	0.733333333	0.884149856	0.782316467
0.933333333	0.733333333	0.842651297	0.743651541
0.911111111	0.733333333	0.801729107	0.70601768
0.888888889	0.733333333	0.761383285	0.669414884
0.866666667	0.733333333	0.721613833	0.633843152
0.844444444	0.733333333	0.682420749	0.599302485
0.822222222	0.733333333	0.643804035	0.565792882
0.8	0.733333333	0.605763689	0.533314345
0.777777778	0.733333333	0.568299712	0.501866872
0.755555556	0.733333333	0.531412104	0.471450463
0.733333333	0.733333333	0.495100865	0.442065119
0.711111111	0.733333333	0.459365994	0.41371084
1	0.666666667	0.986167147	0.823430172
0.977777778	0.666666667	0.944092219	0.782703117
0.955555556	0.666666667	0.90259366	0.743264892
0.933333333	0.666666667	0.861959654	0.705115499
0.911111111	0.666666667	0.821613833	0.668254936
0.888888889	0.666666667	0.782132565	0.632683204
0.866666667	0.666666667	0.743227666	0.598400303
0.844444444	0.666666667	0.704899135	0.565406233
0.822222222	0.666666667	0.667435159	0.533700994
0.8	0.666666667	0.630259366	0.503284585
0.777777778	0.666666667	0.593948127	0.474157008
0.755555556	0.666666667	0.558213256	0.446318261
0.733333333	0.666666667	0.523054755	0.419768346
0.711111111	0.666666667	0.488760807	0.394507261
0.688888889	0.666666667	0.454755043	0.370535007
0.666666667	0.666666667	0.421613833	0.347851583
0.644444444	0.666666667	0.389048991	0.326456991
0.622222222	0.666666667	0.357060519	0.30635123
0.6	0.666666667	0.325936599	0.287534299
1	0.6	1	0.785409661
0.977777778	0.6	0.958213256	0.747260268
0.955555556	0.6	0.917002882	0.710141939
0.933333333	0.6	0.876368876	0.674054675
0.911111111	0.6	0.836311239	0.638998475
0.888888889	0.6	0.797118156	0.604973341
0.866666667	0.6	0.758789625	0.57197927
0.844444444	0.6	0.721037464	0.540016265
0.822222222	0.6	0.683861671	0.509084324
0.8	0.6	0.647262248	0.479183448
0.777777778	0.6	0.611527378	0.450313637
0.755555556	0.6	0.576657061	0.42247489
0.733333333	0.6	0.542363112	0.395667208
0.711111111	0.6	0.508645533	0.369890591
0.688888889	0.6	0.475504323	0.345145039
0.666666667	0.6	0.443227666	0.321430551
0.644444444	0.6	0.411815562	0.298747128
0.622222222	0.6	0.380979827	0.277094769
0.6	0.6	0.350720461	0.256473475
0.577777778	0.6	0.321037464	0.236883246
0.555555556	0.6	0.29221902	0.218324082
0.533333333	0.6	0.26426513	0.200795982
0.511111111	0.6	0.236887608	0.184298947
0.488888889	0.6	0.210086455	0.168832977
0.466666667	0.6	0.183861671	0.154398071
0.933333333	0.533333333	0.88443804	0.626754582
0.911111111	0.533333333	0.845533141	0.595822641
0.888888889	0.533333333	0.807204611	0.565663999
0.866666667	0.533333333	0.769740634	0.536278656
0.844444444	0.533333333	0.73314121	0.50766661
0.822222222	0.533333333	0.697118156	0.479827864
0.8	0.533333333	0.66167147	0.452762416
0.777777778	0.533333333	0.626801153	0.426470266
0.755555556	0.533333333	0.592795389	0.400951415
0.733333333	0.533333333	0.559654179	0.376205862
0.711111111	0.533333333	0.527089337	0.352233608
0.688888889	0.533333333	0.495100865	0.329034653
0.666666667	0.533333333	0.463688761	0.306608996
0.644444444	0.533333333	0.43314121	0.284956637
0.622222222	0.533333333	0.403458213	0.264077577
0.6	0.533333333	0.374351585	0.243971816
0.577777778	0.533333333	0.345821326	0.224639353
0.555555556	0.533333333	0.317867435	0.206080188
0.533333333	0.533333333	0.290778098	0.188294323
0.511111111	0.533333333	0.264553314	0.171281755
0.488888889	0.533333333	0.238904899	0.155042486
0.466666667	0.533333333	0.213832853	0.139576516
0.444444444	0.533333333	0.189337176	0.124883844
0.422222222	0.533333333	0.165706052	0.110964471
0.4	0.533333333	0.142939481	0.097818396
0.844444444	0.466666667	0.741786744	0.480730045
0.822222222	0.466666667	0.706340058	0.452375766
0.8	0.466666667	0.671469741	0.425052552
0.777777778	0.466666667	0.637175793	0.398760402
0.755555556	0.466666667	0.603746398	0.373499318
0.733333333	0.466666667	0.571181556	0.349269297
0.711111111	0.466666667	0.539193084	0.326070342
0.688888889	0.466666667	0.50778098	0.303902451
0.666666667	0.466666667	0.476945245	0.282765625
0.644444444	0.466666667	0.446974063	0.262659863
0.622222222	0.466666667	0.417867435	0.243585167
0.6	0.466666667	0.389337176	0.225541535
0.577777778	0.466666667	0.361383285	0.208528967
0.555555556	0.466666667	0.334005764	0.192547464
0.533333333	0.466666667	0.307492795	0.177597026
0.511111111	0.466666667	0.28184438	0.163677653
0.488888889	0.466666667	0.256772334	0.150789344
0.466666667	0.466666667	0.232276657	0.138932101
0.444444444	0.466666667	0.208357349	0.128105921
0.422222222	0.466666667	0.185302594	0.118310807
0.4	0.466666667	0.163112392	0.109546757
0.733333333	0.4	0.576080692	0.336380989
0.711111111	0.4	0.544956772	0.313182033
0.688888889	0.4	0.514697406	0.291014142
0.666666667	0.4	0.484726225	0.269877316
0.644444444	0.4	0.455907781	0.249771555
0.622222222	0.4	0.427377522	0.230696858
0.6	0.4	0.399711816	0.212653226
0.577777778	0.4	0.372910663	0.195640658
0.555555556	0.4	0.346397695	0.179659156
0.533333333	0.4	0.321037464	0.164708718
0.511111111	0.4	0.295965418	0.150789344
0.488888889	0.4	0.271757925	0.137901036
0.466666667	0.4	0.248414986	0.126043792
0.444444444	0.4	0.225360231	0.115217613
0.422222222	0.4	0.203458213	0.105422498
0.4	0.4	0.18184438	0.096658448
0.377777778	0.4	0.161095101	0.088925463
0.622222222	0.333333333	0.434293948	0.216777485
0.6	0.333333333	0.407204611	0.199249385
0.577777778	0.333333333	0.380979827	0.182494584
0.555555556	0.333333333	0.355043228	0.166770847
0.533333333	0.333333333	0.330259366	0.152078175
0.511111111	0.333333333	0.305763689	0.138287685
0.488888889	0.333333333	0.282132565	0.125399376
0.466666667	0.333333333	0.259365994	0.113413249
0.444444444	0.333333333	0.236887608	0.102329304
0.422222222	0.333333333	0.21556196	0.092276423
0.4	0.333333333	0.194524496	0.083254607
0.377777778	0.333333333	0.174351585	0.07500609
0.355555556	0.333333333	0.155043228	0.067788637
0.333333333	0.333333333	0.136023055	0.061473366
0.311111111	0.333333333	0.11815562	0.056189159
0.288888889	0.333333333	0.100576369	0.051807134
0.266666667	0.333333333	0.083861671	0.048327291
0.511111111	0.266666667	0.312680115	0.139060984
0.488888889	0.266666667	0.28962536	0.126043792
0.466666667	0.266666667	0.267435159	0.113928782
0.444444444	0.266666667	0.245533141	0.102329304
0.422222222	0.266666667	0.224783862	0.091632008
0.4	0.266666667	0.204322767	0.081579127
0.377777778	0.266666667	0.184726225	0.072170662
0.355555556	0.266666667	0.165994236	0.063664378
0.333333333	0.266666667	0.147550432	0.055673627
0.311111111	0.266666667	0.130259366	0.048585057
0.288888889	0.266666667	0.113256484	0.042140903
0.266666667	0.266666667	0.097118156	0.036341164
0.244444444	0.266666667	0.08184438	0.031443607
0.222222222	0.266666667	0.06685879	0.027061582
0.2	0.266666667	0.053025937	0.023581738
0.177777778	0.266666667	0.039481268	0.02074631
0.155555556	0.266666667	0.026801153	0.018555298
0.4	0.2	0.198270893	0.064953209
0.377777778	0.2	0.183285303	0.059797886
0.355555556	0.2	0.168299712	0.054642562
0.333333333	0.2	0.153314121	0.049487239
0.311111111	0.2	0.13832853	0.044460798
0.288888889	0.2	0.123342939	0.039305475
0.266666667	0.2	0.108357349	0.034150151
0.244444444	0.2	0.093371758	0.028994828
0.222222222	0.2	0.078386167	0.023839504
0.2	0.2	0.063400576	0.018813064
0.177777778	0.2	0.048414986	0.013657741
0.155555556	0.2	0.033429395	0.008502417
0.288888889	0.133333333	0.112391931	0.028608179
0.266666667	0.133333333	0.102017291	0.025901634
0.244444444	0.133333333	0.091642651	0.023195089
0.222222222	0.133333333	0.081268012	0.020488544
0.2	0.133333333	0.070893372	0.017781999
0.177777778	0.133333333	0.060518732	0.015075455
0.155555556	0.133333333	0.050144092	0.01236891
0.133333333	0.133333333	0.039769452	0.009662365
0.111111111	0.133333333	0.029394813	0.00695582
0.088888889	0.133333333	0.019020173	0.004249275
0.066666667	0.133333333	0.008645533	0.001542731
