离心式冷水机组冷却水泵模型
神经网络参数
delta=[[-0.26350388 -1.1516871  -1.0408418  -0.16677876  0.02289023  0.20087442
   2.7266848  -0.48240143  0.16714303  0.13492587  0.127796    0.67036414
   0.6733307  -0.11538313  0.24038672 -1.1878707  -1.6846535   1.2423786
  -1.4613583   0.0577646 ]]

b=[[1.3571913 1.0213333]]

c=[[ 0.6421889  -0.85668176]
 [ 0.28545702 -2.6729004 ]
 [-2.3456564   0.86728275]
 [-0.17107378 -0.65180814]
 [ 1.0605186   0.418253  ]
 [ 1.8200104   0.17096764]
 [-0.21398753 -0.08649031]
 [ 1.0776998   0.4659383 ]
 [ 0.01200056  0.06078441]
 [ 1.0950634   0.67834085]
 [-1.2051795  -0.16964787]
 [-0.3066406   0.2785076 ]
 [-0.10798727  0.91839   ]
 [ 1.1082611   0.97980934]
 [ 1.210991    1.0875554 ]
 [ 0.9318621  -1.0928564 ]
 [-1.314989   -1.333646  ]
 [-0.00693254 -1.1366827 ]
 [-0.6883684   0.04385645]
 [ 0.21612361 -0.17697595]]

W=[[ 0.08171801  1.8802487 ]
 [-1.6012304  -0.7082206 ]
 [ 0.68906444 -0.9675472 ]
 [ 0.3466719   0.24361978]
 [ 0.07168227 -1.3754693 ]
 [-0.9169849  -0.7432356 ]
 [ 0.06464517 -0.3580881 ]
 [ 1.0725586   1.2108452 ]
 [-1.1642548  -0.97996193]
 [ 3.000621    1.03796   ]
 [ 0.26073045  0.8524471 ]
 [-1.9595962  -3.040565  ]
 [-1.8951664  -0.8622253 ]
 [ 2.0902376   2.6922698 ]
 [-0.6753921   1.5669724 ]
 [ 2.8289487  -0.6911001 ]
 [-1.505904   -0.34345138]
 [-0.15295888 -2.1989136 ]
 [-2.3527677   0.28179905]
 [ 0.5641763   0.92394876]]