离心式冷水机组冷冻水泵模型
神经网络参数
delta=[[-0.21204998  0.24329297  0.31279925  0.5538915  -0.19217736  0.20371854
   0.7649513  -0.5185087   0.34110987  1.7353562  -1.0004398   0.26018184
   0.26500767  0.8179247   1.5447142  -0.5625758   0.45541623  1.3753829
  -0.12336237  0.26546648]

b=[[0.33177587 1.6111962 ]]

c=[[-1.2181418   0.22997743]
 [-0.8133933  -0.42016762]
 [ 1.2420864   0.5164558 ]
 [ 0.12177309  0.02874958]
 [ 1.2258129   0.8980597 ]
 [-1.2922957  -0.69861287]
 [-0.05623924  1.348225  ]
 [ 1.7247493  -1.0930756 ]
 [ 0.50564545  0.8853232 ]
 [-0.8645604  -1.9410982 ]
 [-2.0999658   0.93139136]
 [-0.08431359  0.10718656]
 [ 2.1616447   0.9466981 ]
 [-0.6981695  -1.2704337 ]
 [-0.1760943   0.49063885]
 [-1.1250432  -0.31950828]
 [-0.05416575  0.38620752]
 [-1.1299509  -0.9869312 ]
 [-0.4354356  -1.4821666 ]
 [-1.3235294   0.41637516]]

W=[[-1.4007407e-01  1.3384166e+00]
 [ 8.5223719e-02  1.7327278e+00]
 [ 2.8785727e+00  2.4960019e-01]
 [-2.3861417e-01 -2.2001390e+00]
 [ 2.5794868e+00  3.1740711e+00]
 [-2.1373974e-02  9.3077749e-01]
 [-1.0508318e+00  2.9655376e-01]
 [-2.0242876e-01  8.0277070e-02]
 [-6.2199277e-01 -1.1905122e+00]
 [ 5.5920774e-01 -8.0781436e-01]
 [-1.0053262e+00  7.3507792e-01]
 [-2.5359285e+00 -1.4009156e+00]
 [-2.9115677e-01 -4.6860453e-01]
 [-2.0156386e-01  2.8746445e-02]
 [ 2.8074262e-01  5.6615530e-04]
 [-4.9566174e-01  5.2872825e-01]
 [-1.9255016e+00 -2.2451227e+00]
 [-1.4775105e-01 -1.1518155e+00]
 [-2.1456115e-01  1.6902798e+00]
 [-3.4479538e-01  2.1533873e-02]]